SetDesc: "NNPDFpol1.1 NLO global fit (DIS+Jets+W+OC), alphas(MZ)=0.119; mem=0 -> average on replicas; mem=1,...,100 -> PDF replicas."
SetIndex: 251000
Authors: "NNPDF Collaboration: E.R. Nocera, R.D. Ball, S. Forte, G. Ridolfi and J. Rojo"
Reference: arXiv:1406.5539
Format: lhagrid1
DataVersion: 1
NumMembers: 101
Particle: 2212
Flavors: [-5, -4, -3, -2, -1, 1, 2, 3, 4, 5, 21]
OrderQCD: 1
FlavorScheme: variable
NumFlavors: 5
ErrorType: replicas
XMin: 1e-05
XMax: 1
QMin: 1
QMax: 316.228
MZ: 91.1876
MUp: 0
MDown: 0
MStrange: 0
MCharm: 1.41421
MBottom: 4.75
MTop: 175
AlphaS_MZ: 0.119002
AlphaS_OrderQCD: 1
AlphaS_Type: ipol
AlphaS_Qs: [1.000000e+00, 1.124658e+00, 1.264855e+00, 1.422529e+00, 1.599859e+00, 1.799294e+00, 2.023590e+00, 2.275846e+00, 2.559548e+00, 2.878616e+00, 3.237458e+00, 3.641032e+00, 4.094915e+00, 4.605378e+00, 5.179475e+00, 5.825137e+00, 6.551286e+00, 7.367955e+00, 8.286428e+00, 9.319396e+00, 1.048113e+01, 1.178769e+01, 1.325711e+01, 1.490972e+01, 1.676833e+01, 1.885863e+01, 2.120951e+01, 2.385344e+01, 2.682696e+01, 3.017115e+01, 3.393222e+01, 3.816213e+01, 4.291934e+01, 4.826957e+01, 5.428675e+01, 6.105402e+01, 6.866488e+01, 7.722450e+01, 8.685114e+01, 9.118760e+01, 9.767781e+01, 1.098541e+02, 1.235483e+02, 1.389495e+02, 1.562707e+02, 1.757511e+02, 1.976598e+02, 2.222996e+02, 2.500110e+02, 2.811769e+02, 3.162278e+02]
AlphaS_Vals: [4.595945e-01, 4.199579e-01, 3.867767e-01, 3.587677e-01, 3.373175e-01, 3.183353e-01, 3.014208e-01, 2.862546e-01, 2.725794e-01, 2.601856e-01, 2.489008e-01, 2.385822e-01, 2.291101e-01, 2.203839e-01, 2.129309e-01, 2.061807e-01, 1.998531e-01, 1.939095e-01, 1.883159e-01, 1.830421e-01, 1.780614e-01, 1.733497e-01, 1.688859e-01, 1.646507e-01, 1.606269e-01, 1.567989e-01, 1.531528e-01, 1.496757e-01, 1.463561e-01, 1.431834e-01, 1.401481e-01, 1.372413e-01, 1.344550e-01, 1.317817e-01, 1.292148e-01, 1.267478e-01, 1.243751e-01, 1.220912e-01, 1.198913e-01, 1.190025e-01, 1.177708e-01, 1.157253e-01, 1.137510e-01, 1.118442e-01, 1.100014e-01, 1.082257e-01, 1.066667e-01, 1.051527e-01, 1.036816e-01, 1.022516e-01, 1.008611e-01]
AlphaS_Lambda4: 0.323
AlphaS_Lambda5: 0.239
