SetDesc:         "JAM20-SIDIS NLO combined PDF/FF global analysis (hadron FF)"
SetIndex:        2052500
Authors:         JAM Collaboration. E. Moffat, W. Melnitchouk, T. C. Rogers, N. Sato
Reference:       arXiv:2101.04664
Format:          lhagrid1
DataVersion:     3
NumMembers:      196
Particle:        h+
Flavors:         [-5, -4, -3, -2, -1, 1, 2, 3, 4, 5, 21]
OrderQCD:        1
FlavorScheme:    variable
NumFlavors:      5
ErrorType:       replicas
XMin:            1.00e-02
XMax:            1.00e+00
QMin:            1.00e+00
QMax:            1.00e+04
MZ:              91.187600
MUp:             0.0
MDown:           0.0
MStrange:        0.0
MCharm:          1.280000
MBottom:         4.180000
MTop:            180.0
AlphaS_MZ:       0.118000
AlphaS_OrderQCD: 1
AlphaS_Type:     ipol
AlphaS_Qs: [1.00000E+00, 1.05392E+00, 1.11295E+00, 1.17772E+00, 1.24894E+00, 1.32741E+00, 1.41407E+00, 1.51000E+00, 1.62146E+00, 1.74607E+00, 1.88578E+00, 2.04289E+00, 2.22010E+00, 2.42065E+00, 2.64838E+00, 2.90786E+00, 3.20460E+00, 3.54524E+00, 3.93782E+00, 4.39209E+00, 4.92000E+00, 5.52042E+00, 6.22174E+00, 7.04464E+00, 8.01475E+00, 9.16404E+00, 1.05325E+01, 1.21707E+01, 1.41424E+01, 1.65291E+01, 1.94355E+01, 2.29964E+01, 2.73871E+01, 3.28372E+01, 3.96490E+01, 4.82238E+01, 5.90985E+01, 7.29970E+01, 9.09030E+01, 1.14165E+02, 1.44648E+02, 1.84954E+02, 2.38747E+02, 3.11243E+02, 4.09931E+02, 5.45688E+02, 7.34478E+02, 1.00000E+03, 1.00000E+04, ]
AlphaS_Vals: [4.44632E-01, 4.26838E-01, 4.09944E-01, 3.93886E-01, 3.78604E-01, 3.64844E-01, 3.52173E-01, 3.39982E-01, 3.27735E-01, 3.15962E-01, 3.04641E-01, 2.93751E-01, 2.83272E-01, 2.73185E-01, 2.63473E-01, 2.54121E-01, 2.45111E-01, 2.36430E-01, 2.28065E-01, 2.20342E-01, 2.13267E-01, 2.06557E-01, 2.00035E-01, 1.93699E-01, 1.87542E-01, 1.81562E-01, 1.75755E-01, 1.70115E-01, 1.64639E-01, 1.59323E-01, 1.54163E-01, 1.49156E-01, 1.44297E-01, 1.39583E-01, 1.35009E-01, 1.30573E-01, 1.26271E-01, 1.22100E-01, 1.18056E-01, 1.14135E-01, 1.10335E-01, 1.06652E-01, 1.03083E-01, 9.96249E-02, 9.62750E-02, 9.30301E-02, 8.98872E-02, 8.68436E-02, 6.93873E-02, ]
AlphaS_Lambda4: 0
AlphaS_Lambda5: 0
