SetDesc: 'JAM17 polarized PDFs of the proton. NLO fit (DIS+SIDIS data). mem=0 => average of posteriors; mem=1-200 => PPDF posteriors.'
SetIndex: 16000
Authors: '[JAM collaboration] Ethier J J, Sato N, Melnitchouk W'
Reference: 'Phys.Rev.Lett. 119 (2017) 13, 132001 - www.jlab.org/jam'
Format: lhagrid1
DataVersion: -1
Particle: 2212
Flavors: [-5, -4, -3, -2, -1, 21, 1, 2, 3, 4, 5]
OrderQCD: 1
ForcePositive: 0
FlavorScheme: variable
NumFlavors: 5
NumMembers: 201
ErrorType: replicas
ErrorConfLevel: 68.300000
XMin: 1.000000e-03
XMax: 1.000000e+00
QMin: 1.000000e+00
QMax: 1.000000e+03
MZ: 91.187000
MUp: 0.000000
MDown: 0.000000
MStrange: 0.000000
MCharm: 1.430000
MBottom: 4.300000
MTop: 172.900000
AlphaS_MZ: 0.118000
AlphaS_OrderQCD: 1.000000
AlphaS_Type: ipol
AlphaS_Qs: [1.0, 1.1242100350620865, 1.263848202934298, 1.4208308325339223, 1.43, 1.5973122800602544, 1.79571449437164, 2.0187602546790386, 2.269510536694669, 2.5514065200312888, 2.868316813342011, 3.2245905452963948, 3.6251170499885337, 4.075392965871777, 4.3, 4.581597669054491, 5.150678076168124, 5.790443980602487, 6.50967523045817, 7.318242219076176, 8.22724134170047, 9.249147277217336, 10.3979841848149, 11.689518164985783, 13.141473626117566, 14.773776525985111, 16.608827826277157, 18.671810912919206, 20.991037201085547, 23.59833466782195, 26.529484644318973, 29.82471286216891, 33.52924149249558, 37.69390975388362, 42.37587160604063, 47.63938010401343, 53.55666917706899, 60.208944933361316, 67.68750009458535, 76.0949668545988, 85.54672535565685, 96.17248711152963, 108.11807510766077, 121.54742500762872, 136.64483492953258, 153.6174946671828, 172.6983290659436, 172.9, 194.14919457438816, 218.26447283974872, 245.37511066398193, 275.85316176291843, 310.1168926574779, 348.6365227678088, 391.94067748472213, 440.62364277735725, 495.3535208959175, 556.8813990945273, 626.0516572014822, 703.8135554931562, 791.2342618981327, 889.5134973108236, 1000.0]
AlphaS_Vals: [0.4492940110799765, 0.4108171457848064, 0.37888744151378134, 0.35190765258344425, 0.3505450949552828, 0.33069441803485605, 0.31214159095161975, 0.2956761595293899, 0.2809542981829276, 0.2677050848013002, 0.2557119303295177, 0.24479945437840778, 0.2348240197656435, 0.2256667819442789, 0.2217163787890185, 0.21765199047209996, 0.21054297777847017, 0.20390004983903615, 0.1976778912522626, 0.19183695458986497, 0.18634256246415762, 0.18116417341542512, 0.17627477759912852, 0.17165039612693067, 0.1672696637903859, 0.1631134793217565, 0.15916471071044466, 0.15540794567231817, 0.1518292793617846, 0.14841613296764256, 0.1451570980498221, 0.1420418024338717, 0.13906079424227383, 0.13620544125064724, 0.13346784324619612, 0.1308407554610307, 0.1283175214739235, 0.12589201423593155, 0.12355858408997103, 0.1213120128311791, 0.11914747300104468, 0.11706049172963032, 0.11504691854134065, 0.11310289662430323, 0.11122483713446325, 0.10940939616534275, 0.10765345406500235, 0.10763623735193623, 0.10611466489251029, 0.10462146421176931, 0.10317030785369578, 0.10175942864003429, 0.10038715769273765, 0.09905191765979385, 0.0977522164957501, 0.09648664174449864, 0.0952538552774845, 0.09405258844544055, 0.09288163760611022, 0.0917398599942735, 0.09062616990380579, 0.08953953515452799, 0.08847897381929597]
AlphaS_Lambda4: 0.350545
AlphaS_Lambda5: 0.221716
