 SetDesc: "set generated with APFEL - DSSV_REP_LHAPDF6"
 Authors: V. Bertone, S. Carrazza, J. Rojo
 Reference: ArXiv:1310.1394
 Format: lhagrid1
 DataVersion: 1
 NumMembers:        1001
 Particle: 2212
 Flavors: [ -5, -4, -3, -2, -1, 21,  1,  2,  3,  4,  5]
 OrderQCD:           1
 FlavorScheme: variable
 NumFlavors:            5
 ErrorType: replicas
 XMin:   1.0000000000000001E-005
 XMax:   1.0000000000000000     
 QMin:   1.0000000000500000     
 QMax:   316.22776285456024     
 MZ:   1.0000000000000000     
 MUp: 0
 MDown: 0
 MStrange: 0
 MCharm:   1.3999999999999999     
 MBottom:   4.7500000000000000     
 MTop:   175.00000000000000     
 ThresholdCharm:   1.3999999999999999     
 ThresholdBottom:   4.7500000000000000     
 ThresholdTop:   319.22776285456024     
 AlphaS_MZ:  0.49127999999999999     
 AlphaS_OrderQCD:           1
 AlphaS_Type: ipol
 AlphaS_Qs: [   1.0000000000500000      ,   1.0524560587447309      ,   1.1097542775012197      ,   1.1724619722090917      ,   1.2412266759717889      ,   1.3167893394112502      ,   1.3999999999999999      ,   1.3999999999999999      ,   1.4905481738955613      ,   1.5905749853492113      ,   1.7013295678071487      ,   1.8242579702914223      ,   1.9610390622748248      ,   2.1136278477058852      ,   2.2843078923112499      ,   2.4757550002382853      ,   2.6911148276248396      ,   2.9340978277085994      ,   3.2090958321589467      ,   3.5213257496462056      ,   3.8770073896902155      ,   4.2835844108441776      ,   4.7499999999999991      ,   4.7499999999999991      ,   5.2605331202663894      ,   5.8465962583965858      ,   6.5217919659839891      ,   7.3025815442426625      ,   8.2089683671288860      ,   9.2653638118096708      ,   10.501689682810682      ,   11.954788411372601      ,   13.670235804389065      ,   15.704683014988062      ,   18.128897954229483      ,   21.031736150725223      ,   24.525353624300916      ,   28.752089023472301      ,   33.893602559099705      ,   40.183084687246861      ,   47.921666574033765      ,   57.500619029400234      ,   69.431578855792893      ,   84.387983880887305      ,   103.26226916169372      ,   127.24538700314245      ,   157.93818278560931      ,   197.50857936437333      ,   248.91515774552144      ,   316.22776285456041      ]
 AlphaS_Vals: [  0.49127999997790872      ,  0.46978371479678183      ,  0.44957585132554206      ,  0.43054206806719258      ,  0.41258199788610206      ,  0.39560711115431579      ,  0.37953896599560544      ,  0.37953896477813337      ,  0.36588766049218302      ,  0.35280897412379209      ,  0.34027076597507028      ,  0.32824341563125020      ,  0.31669956703664082      ,  0.30561390405932976      ,  0.29496295276016005      ,  0.28472490669556466      ,  0.27487947215401837      ,  0.26540773069764478      ,  0.25629201677249297      ,  0.24751580847796892      ,  0.23906362985969970      ,  0.23092096332019188      ,  0.22307417095192597      ,  0.22307417092104045      ,  0.21652673873308548      ,  0.21015968962743356      ,  0.20396837690011982      ,  0.19794827412889493      ,  0.19209497111029059      ,  0.18640417000123125      ,  0.18087168166536205      ,  0.17549342221058098      ,  0.17026540970516424      ,  0.16518376106071869      ,  0.16024468907097628      ,  0.15544449959617593      ,  0.15077958888345480      ,  0.14624644101430812      ,  0.14184162547076234      ,  0.13756179481246161      ,  0.13340368245737891      ,  0.12936410055934416      ,  0.12543993797603137      ,  0.12162815832146209      ,  0.11792579809747709      ,  0.11432996489898893      ,  0.11083783568817071      ,  0.10744665513304989      ,  0.10415373400627143      ,  0.10095644764006623      ]
 AlphaS_Lambda4:  0.32439847818358891     
 AlphaS_Lambda5:  0.28201285116522268     
