SetDesc:         "..."
SetIndex:        1
Authors:         ...
Reference:       ...
Format:          lhagrid1
DataVersion:     1
NumMembers:      465
Particle:        211
Flavors:         [1, 2, 3, -1, -2, -3]
OrderQCD:        1
FlavorScheme:    variable
NumFlavors:      5
ErrorType:       replicas
XMin:            1.00e-06
XMax:            1.00e+00
QMin:            1.14e+00
QMax:            3.16e+02
MZ:              91.187600
MUp:             0.0
MDown:           0.0
MStrange:        0.0
MCharm:          1.280000
MBottom:         4.180000
MTop:            180.0
AlphaS_MZ:       0.118000
AlphaS_OrderQCD: 1
AlphaS_Type:     ipol
AlphaS_Qs: [1.14018E+00, 1.22539E+00, 1.32482E+00, 1.44156E+00, 1.57954E+00, 1.74381E+00, 1.94091E+00, 2.12132E+00, 2.17945E+00, 2.49622E+00, 2.89383E+00, 3.39925E+00, 4.05063E+00, 4.90286E+00, 6.03623E+00, 7.57063E+00, 9.68869E+00, 1.26749E+01, 1.69835E+01, 2.33578E+01, 3.30501E+01, 4.82334E+01, 7.28041E+01, 1.13998E+02, 1.85779E+02, 3.16228E+02, ]
AlphaS_Vals: [3.35805E-01, 3.24552E-01, 3.13552E-01, 3.02914E-01, 2.92184E-01, 2.81395E-01, 2.70581E-01, 2.62217E-01, 2.59775E-01, 2.48172E-01, 2.36659E-01, 2.25276E-01, 2.14063E-01, 2.03755E-01, 1.93738E-01, 1.83892E-01, 1.74247E-01, 1.64832E-01, 1.55670E-01, 1.46785E-01, 1.38194E-01, 1.29913E-01, 1.21953E-01, 1.14325E-01, 1.07033E-01, 1.00081E-01, ]
AlphaS_Lambda4: 0
AlphaS_Lambda5: 0
